Compétence plancher 77

Masque = 10

              precision    recall  f1-score   support

         0.0       0.95      1.00      0.97        39
         1.0       0.00      0.00      0.00         2

    accuracy                           0.95        41
   macro avg       0.48      0.50      0.49        41
weighted avg       0.90      0.95      0.93        41

[0. 0. 0. 0. 0. 0. 0. 0. 0. 1. 0. 0. 0. 0. 0. 0. 0. 0. 0. 0. 0. 0. 0. 0.
 0. 0. 0. 0. 0. 1. 0. 0. 0. 0. 0. 0. 0. 0. 0. 0. 0.]
[0.00435337 0.00183782 0.0015524  0.00138262 0.00133401 0.00128841
 0.00137979 0.00154093 0.00153241 0.00137603 0.00165868 0.00161552
 0.00153485 0.00137341 0.00131759 0.00127834 0.00125068 0.00123072
 0.00121647 0.00120655 0.00119984 0.00119516 0.001192   0.00118983
 0.00118837 0.00118738 0.00118667 0.00118622 0.00056335 0.00078449
 0.00145233 0.00139764 0.00139791 0.00146899 0.00167033 0.00148466
 0.00156632 0.00158226 0.0014188  0.00153801 0.00083959]


Masque = 100

              precision    recall  f1-score   support

         0.0       0.95      1.00      0.97        39
         1.0       0.00      0.00      0.00         2

    accuracy                           0.95        41
   macro avg       0.48      0.50      0.49        41
weighted avg       0.90      0.95      0.93        41

[0. 0. 0. 0. 0. 0. 0. 0. 0. 1. 0. 0. 0. 0. 0. 0. 0. 0. 0. 0. 0. 0. 0. 0.
 0. 0. 0. 0. 0. 1. 0. 0. 0. 0. 0. 0. 0. 0. 0. 0. 0.]
[0.00153252 0.00163558 0.0015223  0.0016385  0.00150365 0.00142443
 0.00154868 0.00164443 0.00151742 0.00145376 0.00165451 0.0015837
 0.00152713 0.00138509 0.00134978 0.00134924 0.00137088 0.00140008
 0.00142354 0.0014343  0.00143284 0.00142416 0.00141406 0.001407
 0.00140455 0.00140625 0.00141007 0.00141403 0.00552645 0.0053837
 0.00147918 0.001463   0.00162846 0.00158274 0.00159448 0.00138864
 0.00157213 0.00161865 0.00143152 0.00158376 0.00132808]


Masque = 500

              precision    recall  f1-score   support

         0.0       0.95      1.00      0.97        39
         1.0       0.00      0.00      0.00         2

    accuracy                           0.95        41
   macro avg       0.48      0.50      0.49        41
weighted avg       0.90      0.95      0.93        41

[0. 0. 0. 0. 0. 0. 0. 0. 0. 1. 0. 0. 0. 0. 0. 0. 0. 0. 0. 0. 0. 0. 0. 0.
 0. 0. 0. 0. 0. 1. 0. 0. 0. 0. 0. 0. 0. 0. 0. 0. 0.]
[0.00040755 0.00040734 0.00039983 0.00040874 0.00040075 0.00039878
 0.0004057  0.00040758 0.00040653 0.00040564 0.00040776 0.00040638
 0.00040615 0.00039837 0.00039721 0.00039643 0.00039589 0.00039551
 0.0003953  0.00039509 0.00039497 0.00039488 0.00039473 0.0003947
 0.00039467 0.00039467 0.00039452 0.00039452 0.00045222 0.00040817
 0.00040862 0.00040063 0.00040853 0.0004074  0.00040835 0.00039971
 0.00040716 0.00040743 0.00039908 0.00040692 0.00040141]


Masque = 1000

              precision    recall  f1-score   support

         0.0       0.95      1.00      0.97        39
         1.0       0.00      0.00      0.00         2

    accuracy                           0.95        41
   macro avg       0.48      0.50      0.49        41
weighted avg       0.90      0.95      0.93        41

[0. 0. 0. 0. 0. 0. 0. 0. 0. 1. 0. 0. 0. 0. 0. 0. 0. 0. 0. 0. 0. 0. 0. 0.
 0. 0. 0. 0. 0. 1. 0. 0. 0. 0. 0. 0. 0. 0. 0. 0. 0.]
[0.00058678 0.00058663 0.00058401 0.00058717 0.00058433 0.00058332
 0.00058663 0.00058675 0.00058636 0.00058493 0.00058669 0.00058633
 0.00058624 0.00058231 0.00058204 0.00058192 0.00058186 0.00058183
 0.0005818  0.00058174 0.00058177 0.00058174 0.00058171 0.00058168
 0.00058174 0.00058171 0.00058168 0.00058168 0.0006465  0.00061646
 0.00058672 0.00058407 0.00058699 0.00058737 0.0005869  0.00058255
 0.00058663 0.0005866  0.00058237 0.00058654 0.0005846 ]


Masque = 5000

              precision    recall  f1-score   support

         0.0       0.95      1.00      0.97        39
         1.0       0.00      0.00      0.00         2

    accuracy                           0.95        41
   macro avg       0.48      0.50      0.49        41
weighted avg       0.90      0.95      0.93        41

[0. 0. 0. 0. 0. 0. 0. 0. 0. 1. 0. 0. 0. 0. 0. 0. 0. 0. 0. 0. 0. 0. 0. 0.
 0. 0. 0. 0. 0. 1. 0. 0. 0. 0. 0. 0. 0. 0. 0. 0. 0.]
[0.00028804 0.00028801 0.00028676 0.00028804 0.0002867  0.00028679
 0.00028813 0.00028822 0.00028828 0.00028813 0.00028819 0.00028828
 0.00028822 0.00028685 0.00028691 0.00028685 0.00028679 0.00028679
 0.00028676 0.00028676 0.0002867  0.00028676 0.00028676 0.00028682
 0.00028676 0.0002867  0.00028676 0.00028676 0.0003508  0.00030756
 0.00028822 0.00028694 0.0002881  0.0002881  0.00028822 0.00028694
 0.0002881  0.00028822 0.00028694 0.00028816 0.00028864]